types = [
    (-16776, 0, 'LMT'),
    (-16800, 0, 'SDMT'),
    (-14400, 1, 'EDT'),
    (-18000, 0, 'EST'),
    (-16200, 1, 'EHDT'),
    (-14400, 0, 'AST')
]
times = [
    ((1, 1, 2, 0, 0), 0),
    ((1890, 1, 1, 4, 39, 36), 1),
    ((1933, 4, 1, 16, 40), 3),
    ((1966, 10, 30, 5, 0), 2),
    ((1967, 2, 28, 4, 0), 3),
    ((1969, 10, 26, 5, 0), 4),
    ((1970, 2, 21, 4, 30), 3),
    ((1970, 10, 25, 5, 0), 4),
    ((1971, 1, 20, 4, 30), 3),
    ((1971, 10, 31, 5, 0), 4),
    ((1972, 1, 21, 4, 30), 3),
    ((1972, 10, 29, 5, 0), 4),
    ((1973, 1, 21, 4, 30), 3),
    ((1973, 10, 28, 5, 0), 4),
    ((1974, 1, 21, 4, 30), 3),
    ((1974, 10, 27, 5, 0), 5),
    ((2000, 10, 29, 6, 0), 3),
    ((2000, 12, 3, 6, 0), 5)
]
posix = 'AST4'
