types = [
    (19164, 0, 'LMT'),
    (19172, 0, 'MMT'),
    (19800, 0, 'IST'),
    (21600, 1, 'IHST'),
    (23400, 1, 'IST'),
    (23400, 0, 'LKT'),
    (21600, 0, 'LKT'),
    (19800, 0, 'IST')
]
times = [
    ((1, 1, 2, 0, 0), 0),
    ((1879, 12, 31, 18, 40, 36), 1),
    ((1905, 12, 31, 18, 40, 28), 2),
    ((1942, 1, 4, 18, 30), 3),
    ((1942, 8, 31, 18, 0), 4),
    ((1945, 10, 15, 19, 30), 2),
    ((1996, 5, 24, 18, 30), 5),
    ((1996, 10, 25, 18, 0), 6),
    ((2006, 4, 14, 18, 30), 2)
]
posix = 'IST-5:30'
