types = [
    (-57360, 0, 'LMT'),
    (29040, 0, 'LMT'),
    (32400, 1, 'PHST'),
    (28800, 0, 'PHT'),
    (32400, 0, 'JST'),
    (28800, 0, 'PHT')
]
times = [
    ((1, 1, 2, 0, 0), 0),
    ((1844, 12, 31, 15, 56), 1),
    ((1899, 5, 10, 15, 56), 3),
    ((1936, 10, 31, 16, 0), 2),
    ((1937, 1, 31, 15, 0), 3),
    ((1942, 4, 30, 16, 0), 4),
    ((1944, 10, 31, 15, 0), 3),
    ((1954, 4, 11, 16, 0), 2),
    ((1954, 6, 30, 15, 0), 3),
    ((1978, 3, 21, 16, 0), 2),
    ((1978, 9, 20, 15, 0), 3)
]
posix = 'PHT-8'
