types = [
    (33539, 0, 'LMT'),
    (32400, 0, 'JST'),
    (32400, 0, 'JCST'),
    (36000, 1, 'JDT'),
    (32400, 0, 'JST')
]
times = [
    ((1, 1, 2, 0, 0), 0),
    ((1887, 12, 31, 15, 0), 1),
    ((1895, 12, 31, 15, 0), 2),
    ((1937, 9, 30, 15, 0), 4),
    ((1948, 5, 1, 17, 0), 3),
    ((1948, 9, 10, 16, 0), 4),
    ((1949, 4, 2, 17, 0), 3),
    ((1949, 9, 9, 16, 0), 4),
    ((1950, 5, 6, 17, 0), 3),
    ((1950, 9, 8, 16, 0), 4),
    ((1951, 5, 5, 17, 0), 3),
    ((1951, 9, 7, 16, 0), 4)
]
posix = 'JST-9'
