POPS,20160603T062302.935,3, 720.00,   0.16,2720.00,  12.00,   0.00,   0.00, 192, 306, 160,  59,   0,   2,   0,   0
POPS,20160603T062303.935,3, 893.00,   0.16,2722.00,  10.00,   0.00,   0.00, 337, 324, 178,  47,   3,   2,   1,   1
POPS,20160603T062304.936,3,1224.00,   0.16,2718.00,  12.00,   0.00,   0.00, 639, 352, 171,  55,   2,   0,   0,   0
POPS,20160603T062305.936,3, 916.00,   0.16,2714.00,  13.00,   0.00,   0.00, 366, 331, 171,  40,   2,   2,   0,   2
POPS,20160603T062306.935,3, 752.00,   0.16,2717.00,  12.00,   0.00,   0.00, 232, 286, 185,  46,   2,   1,   0,   0
POPS,20160603T062307.936,3, 836.00,   0.16,2721.00,  11.00,   0.00,   0.00, 273, 326, 183,  46,   2,   5,   1,   0
POPS,20160603T062308.934,3, 892.00,   0.16,2717.00,  10.00,   0.00,   0.00, 380, 297, 164,  49,   1,   1,   0,   0
POPS,20160603T062309.935,3,1350.00,   0.16,2714.00,  12.00,   0.00,   0.00, 765, 354, 174,  44,   1,   2,   1,   0
POPS,20160603T062310.939,3, 829.00,   0.16,2718.00,  12.00,   0.00,   0.00, 312, 283, 183,  44,   1,   3,   0,   1
POPS,20160603T062311.936,3, 902.00,   0.16,2721.00,  12.00,   0.00,   0.00, 338, 310, 203,  49,   1,   0,   0,   1
POPS,20160603T062312.935,3, 901.00,   0.16,2719.00,  12.00,   0.00,   0.00, 332, 329, 186,  50,   3,   0,   0,   0
POPS,20160603T062313.935,3, 919.00,   0.16,2718.00,  12.00,   0.00,   0.00, 370, 308, 180,  53,   5,   2,   1,   0
POPS,20160603T062314.934,3, 808.00,   0.16,2718.00,  13.00,   0.00,   0.00, 295, 294, 167,  47,   4,   0,   1,   0
POPS,20160603T062315.935,3, 779.00,   0.16,2718.00,  12.00,   0.00,   0.00, 245, 333, 153,  41,   4,   2,   1,   0
POPS,20160603T062316.937,3, 914.00,   0.16,2717.00,  12.00,   0.00,   0.00, 356, 300, 196,  54,   5,   1,   2,   0
POPS,20160603T062317.936,3, 871.00,   0.16,2717.00,  12.00,   0.00,   0.00, 334, 323, 176,  35,   1,   0,   2,   0
POPS,20160603T062318.936,3, 900.00,   0.16,2717.00,  11.00,   0.00,   0.00, 315, 327, 192,  58,   4,   3,   0,   1
POPS,20160603T062319.935,3, 965.00,   0.16,2715.00,  10.00,   0.00,   0.00, 433, 295, 177,  54,   3,   0,   2,   0
POPS,20160603T062320.935,3,1214.00,   0.16,2714.00,  10.00,   0.00,   0.00, 650, 314, 176,  57,   4,   0,   0,   0
POPS,20160603T062321.935,3,1363.00,   0.16,2716.00,  12.00,   0.00,   0.00, 748, 362, 187,  51,   3,   0,   2,   2,   3,   1,   0,   0,   0
POPS,20160603T062322.940,3, 824.00,   0.16,2719.00,  14.00,   0.00,   0.00, 319, 280, 178,  45,   2,   0,   0,   0,   3,   1,   0,   0,   0
POPS,20160603T062323.935,3, 685.00,   0.16,2719.00,  11.00,   0.00,   0.00, 196, 273, 165,  48,   1,   1,   0,   1,   2,   1,   0,   0,   0
POPS,20160603T062324.935,3, 944.00,   0.16,2718.00,  10.00,   0.00,   0.00, 402, 296, 195,  45,   2,   1,   2,   1,   3,   1,   0,   0,   0
POPS,20160603T062325.935,3,1221.00,   0.16,2716.00,  11.00,   0.00,   0.00, 677, 326, 172,  32,   0,   2,   0,   1,   3,   1,   0,   0,   0
POPS,20160603T062326.936,3, 953.00,   0.16,2717.00,  12.00,   0.00,   0.00, 437, 310, 164,  36,   3,   0,   2,   0,   3,   1,   0,   0,   0
POPS,20160603T062327.935,3, 860.00,   0.16,2716.00,  11.00,   0.00,   0.00, 343, 284, 188,  40,   3,   2,   0,   0,   2,   0,   0,   1,   0
POPS,20160603T062328.935,3, 962.00,   0.16,2719.00,  12.00,   0.00,   0.00, 416, 327, 171,  43,   1,   1,   1,   1,   3,   1,   0,   0,   0
POPS,20160603T062329.935,3, 847.00,   0.16,2717.00,  11.00,   0.00,   0.00, 310, 316, 171,  45,   1,   3,   1,   0,   0,   1,   0,   0,   0
POPS,20160603T062330.936,3, 963.00,   0.16,2716.00,  12.00,   0.00,   0.00, 438, 318, 153,  49,   1,   3,   0,   0,   3,   1,   1,   0,   0
POPS,20160603T062331.935,3, 939.00,   0.16,2724.00,  11.00,   0.00,   0.00, 356, 320, 202,  55,   1,   3,   1,   1,   3,   1,   0,   0,   0
POPS,20160603T062332.935,3,1009.00,   0.16,2718.00,  11.00,   0.00,   0.00, 427, 326, 203,  46,   6,   1,   0,   0
POPS,20160603T062333.936,3, 935.00,   0.16,2716.00,  10.00,   0.00,   0.00, 374, 329, 181,  43,   2,   3,   1,   1
POPS,20160603T062334.950,3,1277.00,   0.16,2718.00,  10.00,   0.00,   0.00, 721, 303, 186,  58,   0,   2,   0,   0
POPS,20160603T062335.934,3,1157.00,   0.16,2718.00,  10.00,   0.00,   0.00, 624, 308, 170,  41,   2,   2,   1,   1
POPS,20160603T062336.935,3,1291.00,   0.16,2717.00,  11.00,   0.00,   0.00, 701, 353, 183,  42,   3,   0,   2,   0
POPS,20160603T062337.933,3, 996.00,   0.16,2716.00,  11.00,   0.00,   0.00, 434, 315, 195,  41,   9,   1,   1,   0
POPS,20160603T062338.934,3,1037.00,   0.16,2716.00,  11.00,   0.00,   0.00, 476, 346, 156,  50,   5,   1,   0,   1
POPS,20160603T062339.934,3,1057.00,   0.16,2715.00,  12.00,   0.00,   0.00, 515, 305, 188,  39,   5,   3,   0,   2
POPS,20160603T062340.934,3, 802.00,   0.16,2718.00,  13.00,   0.00,   0.00, 300, 283, 162,  53,   2,   2,   0,   0
POPS,20160603T062341.934,3, 813.00,   0.16,2722.00,  12.00,   0.00,   0.00, 262, 296, 182,  60,   6,   5,   0,   2
POPS,20160603T062342.935,3, 848.00,   0.16,2722.00,  13.00,   0.00,   0.00, 320, 298, 180,  48,   0,   2,   0,   0
POPS,20160603T062343.948,3, 697.00,   0.16,2718.00,  12.00,   0.00,   0.00, 208, 280, 173,  36,   0,   0,   0,   0
POPS,20160603T062344.935,3, 887.00,   0.16,2718.00,   9.00,   0.00,   0.00, 335, 321, 190,  41,   0,   0,   0,   0
POPS,20160603T062345.935,3,1786.00,   0.16,2713.00,  11.00,   0.00,   0.00,1139, 345, 179,  51,   3,   1,   0,   1
POPS,20160603T062346.935,3,1056.00,   0.16,2719.00,  12.00,   0.00,   0.00, 460, 337, 198,  51,   3,   1,   0,   0
POPS,20160603T062347.935,3, 876.00,   0.16,2719.00,  12.00,   0.00,   0.00, 338, 319, 173,  45,   1,   0,   0,   0
POPS,20160603T062348.935,3, 777.00,   0.16,2719.00,  10.00,   0.00,   0.00, 268, 285, 180,  41,   3,   0,   0,   0
POPS,20160603T062349.935,3,1173.00,   0.16,2718.00,  10.00,   0.00,   0.00, 620, 305, 181,  51,   3,   1,   1,   1
POPS,20160603T062350.935,3,1333.00,   0.16,2719.00,  11.00,   0.00,   0.00, 738, 343, 193,  43,   6,   0,   0,   0
POPS,20160603T062351.936,3,1058.00,   0.16,2718.00,  11.00,   0.00,   0.00, 483, 327, 185,  53,   4,   0,   0,   1
POPS,20160603T062352.935,3, 971.00,   0.16,2715.00,  12.00,   0.00,   0.00, 422, 321, 178,  45,   1,   1,   0,   2
POPS,20160603T062353.937,3, 919.00,   0.16,2717.00,  11.00,   0.00,   0.00, 331, 351, 182,  51,   3,   1,   0,   0
POPS,20160603T062354.935,3,1017.00,   0.16,2718.00,  12.00,   0.00,   0.00, 431, 325, 202,  47,   8,   1,   1,   2
POPS,20160603T062355.938,3, 876.00,   0.16,2721.00,  14.00,   0.00,   0.00, 335, 308, 171,  57,   2,   1,   1,   1